20
200
0 10000
18 9801
36 9604
54 9409
72 9216
90 9025
108 8836
126 8649
144 8464
162 8281
180 8100
198 7921
216 7744
234 7569
252 7396
270 7225
288 7056
306 6889
324 6724
342 6561
360 6400
378 6241
396 6084
414 5929
432 5776
450 5625
468 5476
486 5329
504 5184
522 5041
540 4900
558 4761
576 4624
594 4489
612 4356
630 4225
648 4096
666 3969
684 3844
702 3721
720 3600
738 3481
756 3364
774 3249
792 3136
810 3025
828 2916
846 2809
864 2704
882 2601
900 2500
918 2401
936 2304
954 2209
972 2116
990 2025
1008 1936
1026 1849
1044 1764
1062 1681
1080 1600
1098 1521
1116 1444
1134 1369
1152 1296
1170 1225
1188 1156
1206 1089
1224 1024
1242 961
1260 900
1278 841
1296 784
1314 729
1332 676
1350 625
1368 576
1386 529
1404 484
1422 441
1440 400
1458 361
1476 324
1494 289
1512 256
1530 225
1548 196
1566 169
1584 144
1602 121
1620 100
1638 81
1656 64
1674 49
1692 36
1710 25
1728 16
1746 9
1764 4
1782 1
1800 0
1818 1
1836 4
1854 9
1872 16
1890 25
1908 36
1926 49
1944 64
1962 81
1980 100
1998 121
2016 144
2034 169
2052 196
2070 225
2088 256
2106 289
2124 324
2142 361
2160 400
2178 441
2196 484
2214 529
2232 576
2250 625
2268 676
2286 729
2304 784
2322 841
2340 900
2358 961
2376 1024
2394 1089
2412 1156
2430 1225
2448 1296
2466 1369
2484 1444
2502 1521
2520 1600
2538 1681
2556 1764
2574 1849
2592 1936
2610 2025
2628 2116
2646 2209
2664 2304
2682 2401
2700 2500
2718 2601
2736 2704
2754 2809
2772 2916
2790 3025
2808 3136
2826 3249
2844 3364
2862 3481
2880 3600
2898 3721
2916 3844
2934 3969
2952 4096
2970 4225
2988 4356
3006 4489
3024 4624
3042 4761
3060 4900
3078 5041
3096 5184
3114 5329
3132 5476
3150 5625
3168 5776
3186 5929
3204 6084
3222 6241
3240 6400
3258 6561
3276 6724
3294 6889
3312 7056
3330 7225
3348 7396
3366 7569
3384 7744
3402 7921
3420 8100
3438 8281
3456 8464
3474 8649
3492 8836
3510 9025
3528 9216
3546 9409
3564 9604
3582 9801
