100
Kristiansand Bergen Bergen Kristiansand Trondheim Kristiansand Bergen Bergen Trondheim Bergen Kristiansand Bergen Kristiansand Kristiansand Trondheim Kristiansand Kristiansand Bergen Trondheim Trondheim Bergen Trondheim Bergen Kristiansand Bergen Trondheim Bergen Trondheim Trondheim Kristiansand Trondheim Trondheim Kristiansand Bergen Trondheim Bergen Kristiansand Trondheim Kristiansand Trondheim Kristiansand Bergen Bergen Bergen Bergen Kristiansand Bergen Kristiansand Kristiansand Bergen Trondheim Bergen Kristiansand Trondheim Bergen Trondheim Trondheim Trondheim Bergen Kristiansand Trondheim Bergen Bergen Bergen Trondheim Trondheim Kristiansand Trondheim Trondheim Bergen Trondheim Trondheim Bergen Trondheim Kristiansand Kristiansand Bergen Kristiansand Bergen Kristiansand Trondheim Kristiansand Kristiansand Trondheim Bergen Bergen Trondheim Bergen Bergen Kristiansand Trondheim Kristiansand Trondheim Trondheim Trondheim Trondheim Bergen Trondheim Kristiansand Trondheim
12 14 25 33 39 50 70 78
25 27 39
3 19 20 26 27 53 55 59 79 94
2 6 9 14 56 77 89 98
9 10 30 33 53 57 72 79
40 41 66 82 84 94
3 9 21 32 45 46 49 66 78 81
21 28 43 77 82
9 10 27 29 41 43 48 51 75 79 85 90
3 4 6 8 13 19 20 24 28 56 57 59 64 79
4 8 21 32 51 57 65 70 73 77 88 99
17 26 30 47 58 72 75 83 90 95 98
0 21 29 60 68 72 78 80 94
9 17 39 41 47 52 80 81 94
0 3 24 29 38 40 50 85
18 51 52 55 73 97
20 22 28 30 36 40 42 74 89 95
11 13 22 23 37 39 59 60 71 73 83 93
15 21 22 23 27 31 62 72 74 96
2 9 26 28 41 50 53 54 55 61 62 73 85
2 9 16 29 42 59 80 82 88 91
6 7 10 12 18 26 27 37 50 76 90 94
16 17 18 49 54 59 71 72 76 82
17 18 25 53 59 68 79 94
9 14 29 57 73 75 78 94 95 97
0 1 23 31 40 46 61 65 66 69 72 78 84
2 11 19 21 43 48 49 61 67 69 89 95
1 2 8 18 21 54 56 65 84
7 9 16 19 36 41 44 53 69 80 90 93
8 12 14 20 24 33 47 63 66 76 81 83 96
4 11 16 40 43 49 57 67 79 86 91 96
18 25 42 43 48 50 52 58 65 69 77 89 90 95 98 99
6 10 38 56 63 71 77 89 94 96 98
0 4 29 44 45 47 57 58 88
38 45 49 54 63 66 68 80 91
46 54 56 96
16 28 62 75 77 80 83
17 21 53 60 65 85
14 32 34 40 46 53 75 87 89 98 99
0 1 13 17 56 57 72 78 81 93
5 14 16 25 30 38 61 69 71 72
5 8 13 19 28 43 44 55 63 69 77 86 90 91
16 20 31 50
7 8 26 30 31 41 45 47 59 67 79 89 90 93
28 33 41 46 55 69 93 94 99
6 33 34 43 48 60 62 71 76 94
6 25 35 38 44 49 56 66 73 87 95
11 13 29 33 43 52 56 82 98 99
8 26 31 45 82 88 89
6 22 26 30 34 46 57 61 86 88 90 94
0 14 19 21 31 42 67 73 74 79
8 10 15 55 59 60 80 81
13 15 31 47 69 92
2 4 19 23 28 37 38 62 66 81 85 87
19 22 27 34 35 57 65 77 78 80 98
2 15 19 41 44 51 60 61 83 92
3 9 27 32 35 39 46 47 57 60 67 79 82 91 93 94
4 9 10 24 30 33 39 49 54 56 75 76 89 98
11 31 33 84
2 9 17 20 22 23 43 51 62 70 72 76 77 89
12 17 37 45 51 55 56 67 78 84 88 93 94 95 97
19 25 26 40 49 55 99
18 19 36 45 53 59 70 72 77 80 94
29 32 34 41 88 97
9 79 84
10 25 27 31 37 54 71 72 93
5 6 25 29 34 46 53 73 83 87 92 98
26 30 43 50 56 60 69 71 74 84 94
12 23 34 74 98
25 26 28 31 40 41 44 52 67 71
0 10 59 62 76
17 22 32 40 45 65 67 69 84 89 93
4 11 12 18 22 25 39 40 59 62 65 75 81 89
10 15 17 19 24 46 50 66 87 91 96
16 18 50 67 68 79 88
8 11 24 36 38 57 72 88 95
21 22 29 45 57 59 70 81 84
3 7 10 31 32 36 41 54 59 62 80 91
0 6 12 24 25 39 54 60 91 93
2 4 8 9 23 30 43 50 56 64 74 82 84 90 93 97
12 13 20 28 34 36 51 54 62 77 89 92 95 96
6 13 29 39 51 53 72 76 83
5 7 20 22 47 48 56 79
11 17 29 36 55 66 81 88
5 25 27 58 60 64 67 71 76 79 89
8 14 19 37 53 90 95
30 41 49 91
38 46 53 66 73
10 20 33 48 49 60 63 74 75 83 93 96
3 16 26 31 32 38 43 48 57 59 71 72 80 84 91
8 11 21 28 31 41 43 49 79 85
20 30 34 41 56 73 77 78 86 89 98
52 55 66 80 94 98
17 28 39 43 44 56 60 65 71 78 79 88
2 5 12 13 21 23 24 32 44 45 49 56 60 62 67 92 99
11 16 24 26 31 46 60 75 80 85
18 29 30 32 35 73 80 88
15 24 60 63 79
3 11 31 32 38 47 54 57 66 68 91 92
10 31 38 44 47 61 94
